48
166
110
143
133
91
194
125
71
123
128
137
202
61
152
208
144
224
108
48
64
231
178
185
40
50
118
249
41
102
159
223
173
72
153
224
143
65
178
80
91
177
183
250
95
179
43
191
111
158
53
98
251
231
242
155
126
254
154
96
159
99
7
127
208
138
244
206
56
250
34
173
238
209
30
33
138
252
45
133
225
123
32
164
189
117
120
53
232
82
76
177
182
175
232
10
153
217
216
16
211
91
130
44
175
104
254
193
230
248
250
157
0
31
255
208
151
111
66
210
86
50
134
252
117
253
62
56
47
73
69
85
113
215
3
121
151
18
199
30
124
39
94
94
163
35
222
132
133
75
127
150
66
220
34
8
36
124
1
199
101
241
89
172
143
59
189
170
190
162
216
55
186
51
4
28
137
253
29
41
190
111
69
108
38
147
68
45
232
7
57
59
126
119
11
44
255
174
9
203
111
134
133
67
179
197
36
140
185
60
197
62
60
212
154
55
49
154
3
108
159
149
72
224
46
238
27
223
21
240
36
180
120
111
96
101
150
138
111
96
38
250
30
225
135
220
169
70
55
132
77
203
249
224
125
9
224
231
81
233
16
208
11
24
193
47
191
169
109
134
69
46
145
148
137
154
193
118
75
3
231
178
16
234
216
88
228
149
53
197
237
244
200
243
158
212
29
232
129
60
22
159
33
143
176
154
151
94
241
120
189
230
62
27
162
223
228
76
81
174
205
86
101
216
151
200
252
133
94
105
27
229
126
107
69
125
140
11
96
225
144
60
167
164
55
82
102
82
110
90
179
202
70
164
87
132
135
203
36
86
167
216
219
190
29
58
175
251
40
197
22
24
82
129
88
162
196
201
181
208
134
28
161
238
128
15
196
40
184
2
212
19
2
150
109
48
178
106
68
239
99
61
228
7
49
128
69
166
250
88
5
104
88
19
42
45
34
158
131
155
19
182
167
120
49
99
171
40
62
237
66
73
28
114
0
199
187
84
198
200
139
2
80
131
199
216
230
105
91
151
255
11
44
118
118
196
193
198
153
146
60
28
238
96
147
37
2
209
155
142
28
163
118
249
187
1
72
133
67
89
231
83
37
224
119
80
247
139
94
174
182
19
35
190
129
152
15
77
126
134
101
25
171
199
250
230
126
139
254
101
20
196
80
84
165
231
172
80
153
197
104
92
126
3
26
94
94
62
194
203
219
251
159
80
119
104
203
106
10
52
22
226
98
6
117
151
97
188
115
61
170
32
196
134
49
165
246
207
120
172
230
97
103
255
16
101
236
83
131
231
114
76
94
175
123
207
73
49
42
117
84
149
176
146
238
187
220
157
122
0
9
170
40
232
178
101
75
244
211
28
87
132
16
125
39
55
62
41
217
26
181
135
223
206
10
44
80
11
163
176
202
5
125
17
71
192
35
145
119
232
153
147
10
115
111
36
91
77
177
178
144
75
209
242
20
206
209
37
210
233
64
185
42
103
164
168
248
143
207
57
91
149
203
110
31
115
111
232
216
19
202
36
182
15
224
169
22
171
245
51
177
85
213
226
253
177
30
72
10
42
148
120
172
20
213
68
78
155
176
149
17
46
127
16
55
153
143
62
14
172
158
23
141
60
232
32
250
58
14
64
199
213
108
16
150
227
2
181
55
89
54
53
225
46
24
230
167
216
203
200
94
125
203
112
192
31
180
232
171
56
5
238
155
179
4
247
137
193
187
228
83
188
81
105
175
63
191
50
130
143
249
13
5
181
47
204
241
251
171
46
37
7
53
169
243
124
151
31
64
203
7
31
42
246
200
4
194
18
74
27
175
168
111
236
80
144
83
250
229
106
61
151
10
187
223
223
100
113
3
126
19
217
72
216
197
36
56
224
223
16
79
44
73
203
41
6
194
234
244
154
151
13
228
251
187
234
1
116
13
148
32
90
123
29
62
211
98
82
196
251
37
194
114
77
155
49
193
168
64
129
164
239
132
44
100
22
218
190
72
102
55
28
88
208
228
254
67
151
102
191
247
208
41
129
242
10
104
187
165
242
124
110
165
241
69
158
88
134
4
58
60
174
63
41
126
160
179
55
204
31
145
101
238
239
77
100
124
16
109
72
147
68
162
228
13
155
95
241
247
3
203
208
177
96
178
189
228
49
148
52
38
206
114
187
188
214
97
104
56
243
34
70
74
226
65
46
34
130
87
200
30
216
241
42
119
12
182
235
182
225
3
173
121
155
24
188
21
11
121
230
24
41
193
141
133
226
119
235
252
160
3
136
144
157
228
55
70
98
170
82
139
136
28
135
3
137
7
47
52
118
13
56
106
82
136
112
50
84
94
139
97
105
35
56
135
47
122
120
243
17
10
209
69
70
160
237
156
83
109
39
0
249
79
170
162
181
58
22
230
169
179
14
232
29
45
168
116
235
236
144
217
232
146
121
30
139
69
179
111
96
144
202
117
72
203
168
111
2
230
10
154
96
198
255
84
84
103
217
8
38
14
15
141
56
163
199
8
92
63
236
1
241
135
89
77
8
64
41
7
83
230
21
157
235
162
181
55
216
53
155
126
230
207
127
201
118
228
20
63
227
12
205
105
150
42
114
228
31
187
95
182
112
39
81
207
220
123
202
208
171
174
124
31
220
244
179
159
27
37
81
34
53
126
201
211
223
68
150
98
87
244
160
176
76
167
127
21
76
85
222
40
100
113
227
10
157
13
83
232
198
133
245
76
90
9
237
64
74
12
241
32
47
232
153
28
200
61
156
19
133
245
146
118
183
182
127
60
27
185
169
240
155
212
54
231
153
75
123
130
119
209
91
80
251
178
181
103
182
154
183
33
237
6
197
184
76
162
227
215
97
27
175
104
233
53
129
72
253
217
207
127
152
243
159
231
55
172
207
211
25
139
3
133
42
139
19
154
204
219
116
170
133
150
91
149
7
0
41
194
37
76
116
173
36
18
1
190
39
196
31
67
165
129
50
230
145
131
143
141
54
91
136
245
235
205
47
189
119
236
96
191
71
136
133
211
198
132
3
255
169
29
98
79
129
77
5
8
206
219
196
46
111
128
204
117
182
214
5
219
70
107
108
26
124
74
74
7
144
9
105
204
85
228
79
141
75
43
35
193
201
147
238
221
16
101
238
169
134
191
24
137
176
78
29
178
73
243
22
240
106
186
130
33
209
113
62
40
82
254
49
47
214
48
124
166
127
114
125
87
111
65
88
51
253
174
126
67
104
148
98
65
197
64
166
1
109
159
25
169
34
217
33
49
23
97
202
86
54
46
14
86
51
190
245
132
167
10
209
125
208
55
43
126
143
72
4
219
252
104
134
8
59
192
207
32
45
238
31
226
94
86
168
151
188
128
40
21
184
169
190
92
3
107
146
245
94
49
159
48
238
193
88
253
24
171
207
192
26
226
235
3
153
43
96
103
213
46
72
96
109
68
205
191
145
18
181
0
228
6
155
125
166
181
58
141
111
199
135
127
111
245
67
22
24
10
69
251
32
139
16
234
20
227
22
62
228
104
208
134
164
171
187
96
21
189
156
219
178
1
130
230
179
60
160
59
232
64
132
52
86
113
47
181
50
1
62
66
75
81
151
183
221
86
45
0
151
97
224
53
208
191
8
85
14
14
217
180
137
23
202
169
186
11
23
242
226
244
164
94
65
228
214
16
193
62
137
180
6
17
204
102
54
235
240
247
47
51
101
131
185
46
237
236
211
82
9
234
117
139
219
227
246
53
76
147
224
144
27
236
23
60
45
68
19
51
181
250
123
79
212
77
137
13
208
18
107
199
97
50
84
242
93
187
25
98
202
76
224
160
102
84
243
177
209
127
212
140
206
8
112
139
142
119
174
245
135
123
191
108
36
25
35
216
132
125
228
220
143
16
106
98
234
65
14
58
170
175
235
246
68
250
81
132
210
131
18
246
191
216
2
6
206
85
34
209
187
196
96
245
231
121
90
23
40
84
68
113
64
167
204
129
129
213
17
116
238
180
162
63
95
117
15
145
95
247
201
248
244
203
240
168
6
41
54
66
233
97
47
228
94
255
48
140
110
254
120
154
195
232
101
181
115
186
101
254
168
150
179
210
96
61
30
168
37
69
218
222
195
155
192
104
254
234
151
77
193
175
145
238
126
190
202
197
75
251
95
49
215
193
180
117
97
85
160
168
228
55
107
206
219
245
30
187
119
62
6
145
149
180
80
3
149
237
57
117
230
119
178
55
71
171
69
231
193
43
162
231
224
176
136
146
241
207
182
91
233
201
14
192
65
94
125
55
6
233
229
187
147
165
29
198
138
31
29
194
40
85
80
255
151
224
189
57
158
216
155
163
238
220
8
32
105
186
218
30
212
195
220
13
216
185
110
245
187
171
22
27
207
185
160
232
130
252
48
149
221
56
31
37
130
29
151
91
89
11
146
46
196
67
92
55
151
106
175
57
4
15
78
159
118
164
90
76
111
249
152
174
210
250
169
72
52
151
107
62
149
128
221
165
90
74
96
106
116
253
170
160
116
243
137
253
154
34
97
14
39
143
106
120
202
173
208
32
147
5
67
190
175
42
235
187
22
117
114
148
120
135
154
74
5
203
208
130
235
153
61
21
67
115
75
192
132
79
180
137
216
101
44
61
96
54
14
11
242
246
191
243
251
121
43
42
235
19
82
4
255
153
229
88
76
220
193
101
183
117
152
136
216
199
1
12
219
96
36
60
31
181
101
228
195
101
174
249
37
178
138
255
73
251
197
42
25
63
40
200
212
177
187
222
45
91
50
43
94
174
61
239
2
179
6
249
109
6
148
121
70
180
155
252
76
48
13
197
110
79
221
131
14
56
111
234
167
191
191
83
17
105
135
231
114
166
154
76
18
135
41
236
133
48
243
49
20
225
53
18
212
58
181
86
157
203
119
193
245
147
123
51
16
76
119
122
52
214
125
21
44
8
138
209
6
127
44
104
232
191
199
186
186
45
170
97
69
223
155
136
151
67
146
247
203
5
48
53
185
66
196
119
187
107
227
220
109
165
48
32
65
159
107
110
211
17
207
146
27
1
133
19
6
25
67
10
145
229
48
207
27
252
204
153
171
85
225
54
168
6
150
239
254
206
47
112
177
134
128
93
139
129
216
191
40
139
228
23
109
220
55
75
92
198
12
246
118
120
116
246
252
79
69
42
219
172
13
100
162
42
210
170
153
87
138
139
247
205
39
83
57
174
110
109
222
247
37
242
14
28
192
219
83
171
86
194
36
126
187
87
208
20
72
12
109
73
128
117
111
155
149
247
242
105
214
94
41
149
56
172
1
227
92
73
203
48
54
107
171
139
173
9
155
145
194
53
19
88
96
22
193
78
84
11
77
32
237
156
222
182
111
18
218
209
202
132
126
140
4
2
255
110
100
127
57
40
173
163
129
95
180
123
183
40
38
101
143
222
150
32
254
33
213
53
205
149
45
42
151
248
53
40
223
177
243
197
145
215
117
157
224
1
58
68
108
228
172
238
159
225
71
208
95
42
102
219
151
15
71
241
151
100
116
45
240
163
203
1
90
146
56
93
11
205
132
250
47
132
227
37
94
15
111
37
111
212
94
80
166
23
176
159
233
234
196
47
180
111
196
187
120
2
181
136
91
166
206
174
183
100
236
225
57
175
31
22
47
49
204
127
123
134
77
71
171
121
225
129
188
116
100
104
152
133
129
227
166
108
23
213
142
131
7
86
4
91
247
74
111
251
100
65
85
121
14
196
189
199
225
73
31
218
106
54
14
112
113
64
137
222
123
96
190
25
217
88
8
65
73
121
79
123
140
241
17
223
228
117
15
129
22
104
47
109
154
22
242
134
83
183
236
199
207
25
190
99
232
221
93
145
136
32
248
166
180
64
81
57
250
54
45
181
46
153
112
177
191
10
127
193
219
23
197
100
117
62
161
176
97
193
126
56
237
104
156
120
226
72
225
166
49
158
10
138
149
219
202
59
251
173
174
76
214
154
32
8
121
93
130
182
25
200
30
216
101
83
178
152
132
223
94
41
215
121
19
39
23
11
255
71
78
2
18
193
153
214
99
7
232
110
49
27
203
230
62
255
182
37
116
54
133
41
24
49
159
129
119
230
191
208
101
145
95
122
252
173
181
244
210
219
109
48
31
72
154
188
130
155
232
17
155
43
151
110
59
93
223
96
183
195
250
184
211
106
133
68
207
76
230
30
89
141
37
193
145
121
215
95
198
183
242
37
96
85
204
43
49
136
4
226
115
12
250
159
221
18
15
216
163
135
71
58
139
90
187
124
5
8
251
88
241
109
162
114
179
57
99
103
74
13
79
119
117
78
82
79
71
76
210
189
35
55
191
212
235
156
196
22
228
2
238
238
15
31
196
124
189
227
219
70
157
79
203
236
2
134
221
103
185
57
237
156
167
162
183
90
113
242
82
244
114
241
132
161
164
241
140
225
156
4
65
216
50
127
138
104
100
145
220
124
182
107
212
132
145
58
8
137
79
163
211
202
244
238
67
242
64
124
66
71
96
79
198
52
103
169
27
163
185
215
87
125
208
63
156
124
238
158
45
34
244
76
38
117
34
239
95
101
84
199
39
133
74
28
140
196
144
242
69
101
255
65
191
84
32
118
127
70
81
215
181
224
85
193
248
24
212
88
254
198
76
126
162
15
69
71
186
222
226
39
0
66
98
97
210
206
246
6
170
116
238
218
243
166
113
56
91
116
240
202
188
170
220
108
169
164
168
76
206
146
150
128
174
145
203
233
183
184
212
56
67
172
252
66
242
247
19
173
158
134
146
46
103
49
159
45
101
53
47
169
42
193
77
169
146
171
170
82
99
72
159
253
180
53
78
88
161
167
221
143
105
98
129
12
1
15
228
41
35
19
60
124
232
112
185
11
144
101
4
209
57
190
23
130
54
195
53
72
74
207
135
159
22
77
214
18
7
200
199
204
119
88
84
100
237
88
126
77
31
203
195
132
235
70
139
12
148
132
150
170
65
0
108
32
73
24
237
234
234
56
135
248
170
150
216
158
56
190
89
35
131
26
63
228
157
29
205
12
61
102
79
56
211
182
69
55
201
189
144
70
214
87
24
196
95
189
7
101
114
130
133
80
78
0
15
112
68
242
106
122
131
169
208
215
122
11
57
151
154
58
101
46
178
55
253
108
126
77
56
146
194
118
99
240
13
17
21
157
73
143
30
102
48
164
247
204
79
171
27
101
86
170
156
146
97
76
88
141
96
186
91
123
221
236
91
251
77
135
202
9
103
180
136
213
68
213
50
67
184
7
240
99
199
162
219
25
66
238
68
153
51
27
177
18
88
145
2
21
205
58
205
232
209
63
34
215
6
40
216
13
91
200
185
82
193
206
109
46
242
28
100
146
167
24
207
66
56
120
131
138
247
221
174
178
146
145
116
219
74
136
201
154
80
131
114
160
54
201
172
82
79
127
194
253
215
14
215
148
195
115
62
158
161
124
254
17
41
45
136
76
252
163
72
65
146
171
92
71
151
58
179
168
183
173
218
29
112
129
246
9
147
164
182
16
251
47
155
24
115
156
164
97
229
251
29
181
174
198
128
253
103
45
70
201
138
174
246
103
29
197
36
58
232
81
172
228
209
31
62
168
196
149
58
60
186
48
237
206
184
222
116
149
24
179
3
205
236
189
191
60
47
230
28
187
52
245
139
103
2
186
68
37
79
89
34
60
99
137
220
129
121
54
98
169
35
184
208
161
196
76
23
223
132
217
160
180
243
151
14
120
54
50
196
103
194
92
12
147
129
194
101
36
225
60
75
126
96
35
130
145
1
72
42
172
181
228
239
199
183
91
31
16
221
55
211
228
43
38
52
37
61
20
127
235
187
190
143
50
161
44
211
25
23
157
196
143
124
73
138
42
126
85
2
7
97
243
22
34
22
117
93
151
76
133
241
166
153
92
176
28
138
253
136
246
196
246
232
189
93
50
42
8
61
156
185
31
166
68
143
103
241
162
0
170
61
111
245
196
11
59
87
119
173
136
227
115
14
194
164
170
145
219
2
35
185
161
168
70
194
57
171
166
172
70
196
209
253
77
23
144
11
248
155
73
223
165
77
247
135
122
40
63
48
2
57
174
144
188
121
34
240
203
138
176
155
24
54
11
166
197
75
174
179
222
134
137
212
110
69
217
205
32
23
84
150
138
171
111
146
4
70
215
210
217
149
165
150
22
183
246
132
247
81
223
42
86
217
135
248
216
141
107
74
4
33
101
16
111
227
33
76
98
250
12
230
102
68
158
91
228
185
42
95
4
79
253
218
154
18
149
136
145
152
75
56
200
213
138
196
234
90
14
221
225
246
52
61
16
46
160
46
113
47
206
6
217
176
59
219
173
178
235
234
23
51
242
224
162
185
176
220
226
242
241
5
68
252
23
121
207
85
204
191
219
70
113
22
62
63
165
170
136
192
206
72
23
122
130
29
223
156
13
236
146
184
23
123
217
75
149
4
236
183
203
68
145
87
30
5
33
134
222
24
145
144
254
107
9
255
217
28
169
47
216
158
122
219
185
117
140
13
177
135
65
21
128
223
183
30
183
106
27
108
32
123
79
201
83
205
7
55
219
92
6
215
67
152
133
238
160
132
58
247
214
169
176
7
247
63
200
45
139
136
68
15
122
30
89
170
173
252
234
45
6
243
31
196
176
171
118
101
5
156
66
48
97
3
227
67
146
129
122
168
44
21
56
228
84
245
142
138
21
44
169
106
61
11
194
68
40
54
149
77
170
109
95
119
101
90
65
48
123
77
226
48
136
69
100
21
38
143
133
168
43
18
238
35
220
168
35
93
18
212
154
82
63
239
178
135
178
26
48
174
81
64
215
33
63
18
147
27
127
65
67
36
197
0
246
168
2
164
227
157
45
64
212
243
2
51
31
186
34
17
138
40
26
133
149
3
58
199
183
158
63
158
43
79
221
59
171
17
37
244
83
51
196
133
153
6
150
122
214
245
25
97
94
222
110
185
159
63
134
198
244
144
27
39
52
40
181
148
252
41
223
40
241
66
39
98
241
116
47
127
48
198
81
194
231
114
235
16
227
24
100
149
238
142
87
56
90
38
63
70
127
158
252
44
53
118
98
246
126
50
227
14
188
206
221
245
200
184
225
175
32
218
166
38
82
119
202
62
84
61
198
9
69
109
203
74
139
220
51
166
169
132
87
208
148
99
118
130
137
194
68
83
133
87
71
93
162
82
25
39
133
33
207
112
251
143
175
106
159
245
69
75
16
119
147
99
241
121
254
172
82
44
214
50
151
148
61
225
62
98
58
17
47
205
74
127
66
230
234
149
216
11
161
150
43
158
41
164
251
195
72
175
228
170
157
23
82
199
149
27
180
138
48
62
233
70
242
133
75
109
175
181
33
201
108
192
62
18
144
69
228
28
33
54
214
214
142
203
143
130
199
136
72
230
14
69
79
164
244
57
178
161
113
149
233
11
217
107
127
171
195
158
48
41
147
22
17
62
125
175
166
52
80
63
191
172
51
129
247
85
220
14
154
49
113
40
104
250
99
210
134
130
38
187
84
65
115
71
137
174
78
162
80
211
135
183
106
69
202
197
165
162
183
206
8
235
143
1
35
91
68
47
243
171
155
175
126
144
33
28
58
191
96
33
204
217
182
214
117
176
138
75
188
115
125
117
125
233
89
29
172
41
44
101
92
51
237
42
179
127
148
192
98
167
66
166
66
119
112
55
110
23
181
231
243
90
181
72
213
253
88
222
168
102
54
233
123
93
102
64
26
86
161
234
255
65
157
76
101
8
41
180
17
182
87
119
71
208
98
47
92
96
163
81
18
54
36
235
148
32
180
132
147
36
128
216
134
95
103
178
88
202
12
46
86
240
198
148
47
194
35
80
48
159
170
172
190
46
210
194
34
229
3
84
137
225
147
141
225
85
81
22
209
207
21
154
184
176
94
135
16
79
161
227
216
199
73
16
27
236
240
143
197
130
97
108
8
216
114
65
172
196
117
189
120
56
101
67
197
8
135
115
240
212
51
84
31
212
22
139
55
237
246
47
106
120
93
184
10
72
44
36
169
173
70
141
147
165
219
93
229
9
236
207
103
45
195
148
51
93
237
89
4
162
96
91
184
114
226
97
19
75
211
81
134
185
193
248
225
235
235
198
104
228
2
14
212
59
250
180
251
129
198
100
217
196
34
25
185
0
91
36
253
252
64
9
207
201
218
19
193
12
182
19
207
73
193
153
211
172
165
196
184
22
190
9
53
235
93
96
203
150
15
224
13
218
27
43
44
195
44
254
148
106
95
217
91
255
167
251
232
250
92
228
220
21
106
18
197
96
92
4
194
199
193
104
74
111
39
242
225
156
233
132
98
62
165
52
210
197
246
82
126
184
104
163
38
69
99
1
165
55
200
222
91
198
147
147
10
53
192
232
128
173
7
249
187
75
185
149
145
111
51
3
16
17
238
151
254
47
26
136
226
162
32
55
230
29
29
144
203
188
170
34
238
54
178
96
222
212
83
199
213
65
230
170
161
145
83
51
19
66
226
80
66
130
109
111
44
179
214
117
67
12
21
186
151
51
250
201
22
211
14
56
66
143
153
76
110
40
229
229
46
73
67
249
67
70
63
230
163
1
171
16
180
79
231
136
237
103
195
242
99
107
252
135
181
153
22
197
228
113
191
110
88
18
135
90
93
245
224
41
209
148
228
251
127
179
62
27
34
169
242
43
90
162
125
71
75
168
233
128
205
55
247
120
43
95
139
3
140
141
206
87
251
200
64
233
248
142
60
240
37
111
222
119
75
81
89
14
173
107
28
95
203
56
252
115
119
16
206
255
12
146
111
205
17
199
85
59
121
201
11
239
215
161
0
232
162
92
20
186
154
150
58
244
5
45
71
172
20
149
189
212
97
230
11
13
215
198
47
209
181
128
42
34
146
160
224
71
138
40
135
252
184
189
138
240
31
13
59
170
4
150
72
196
150
220
2
232
84
129
50
24
75
231
236
175
214
150
72
242
209
77
183
34
152
114
145
211
104
151
79
192
203
228
172
82
199
145
68
235
118
247
54
94
153
115
68
17
82
6
175
254
13
144
237
29
3
165
209
221
82
14
118
238
13
162
134
253
220
125
8
1
7
109
229
99
209
63
206
146
19
147
233
152
253
20
11
208
138
60
199
66
35
74
195
246
99
186
32
70
146
76
194
99
208
164
95
42
74
171
17
2
9
19
25
163
44
210
37
147
76
244
46
151
234
243
85
181
127
129
0
240
188
240
92
189
9
91
23
9
22
73
11
178
189
218
222
162
214
75
90
0
3
126
118
138
174
11
122
191
130
171
187
129
200
249
174
154
0
12
240
254
210
0
247
174
77
69
196
207
10
129
231
252
79
218
142
202
232
181
26
54
149
117
253
2
127
41
48
9
10
231
159
58
187
109
81
53
168
140
240
131
13
44
129
255
67
247
219
65
46
53
91
228
204
19
225
4
11
71
250
142
170
17
75
249
2
142
35
114
9
203
18
214
0
42
235
158
44
143
122
127
48
59
136
148
56
94
122
220
59
58
243
66
254
30
104
142
93
165
134
119
179
83
148
125
191
61
208
84
163
67
193
112
224
99
62
171
74
191
164
42
2
88
77
68
104
214
220
184
220
91
110
115
233
50
10
239
7
246
214
140
208
253
252
73
240
255
202
3
107
96
20
148
65
0
56
92
124
40
89
48
253
41
177
47
47
8
220
198
217
245
250
231
253
133
107
189
126
23
217
2
214
151
166
206
193
107
225
233
42
112
254
124
252
251
75
197
192
11
63
93
28
86
33
204
93
102
134
107
12
180
89
243
181
145
237
214
128
197
161
9
43
239
58
3
107
23
232
153
75
92
89
181
131
104
246
42
21
9
120
146
173
97
166
163
123
67
3
119
45
129
120
0
167
139
229
88
255
63
168
149
239
145
185
148
173
167
254
132
143
14
222
255
127
243
234
53
131
151
151
10
240
238
196
229
40
202
163
208
170
26
46
158
120
128
4
232
137
233
238
62
253
241
204
66
92
139
203
65
229
215
60
120
106
11
56
134
190
16
131
81
234
214
220
82
211
83
223
102
251
221
69
31
42
225
4
30
203
222
79
38
150
91
251
124
250
158
20
153
111
31
222
102
93
17
100
252
211
205
39
108
189
183
32
33
130
222
124
57
54
187
4
172
195
119
29
33
63
139
156
29
225
209
116
140
149
250
137
209
36
221
90
36
134
43
87
117
93
26
24
13
91
204
101
212
104
169
65
135
221
99
204
8
68
19
207
200
41
185
44
106
141
105
71
228
103
161
204
208
142
146
175
27
2
160
134
250
51
2
164
226
127
64
85
49
125
43
225
115
14
21
139
121
101
93
1
205
116
170
10
243
44
239
70
91
238
237
248
40
150
218
182
186
26
216
209
115
150
43
225
82
35
86
210
199
82
246
8
178
166
180
23
115
153
159
142
240
15
24
238
178
41
183
232
114
112
208
57
32
98
181
110
223
8
108
218
106
69
79
191
51
251
0
143
196
214
54
169
21
252
247
172
14
67
126
185
1
216
82
159
163
110
247
233
227
50
86
54
62
178
49
22
32
222
219
247
130
7
9
36
79
156
216
35
239
213
223
6
251
55
232
36
104
41
228
28
62
60
196
117
162
14
32
126
32
197
12
89
249
65
13
56
227
34
200
229
155
135
3
156
205
80
135
48
14
81
185
17
2
124
255
176
110
137
163
17
135
26
142
24
240
150
243
75
129
60
21
65
138
15
119
4
64
59
237
230
199
159
179
54
189
213
11
74
43
8
218
10
131
90
135
9
176
94
132
172
56
136
21
178
56
209
92
148
59
50
51
226
6
174
17
188
12
204
18
252
145
100
67
110
118
121
119
199
80
197
66
148
170
70
42
129
69
186
210
188
195
143
160
39
102
42
77
53
109
216
1
27
60
227
203
254
152
136
180
80
60
147
66
103
118
73
10
175
200
85
169
153
62
15
195
96
216
62
157
116
83
250
118
31
167
240
30
101
218
149
25
215
255
60
75
46
243
51
65
30
238
47
73
193
242
90
197
80
4
54
177
172
112
138
222
107
102
29
45
169
9
206
2
222
77
35
49
92
23
219
249
243
208
109
226
84
199
192
254
141
251
116
170
206
77
82
223
82
156
89
3
215
42
231
122
139
75
49
117
203
178
14
253
66
140
167
219
75
73
64
204
116
26
149
95
44
26
217
252
98
186
110
205
247
32
189
183
67
26
149
33
250
213
118
255
243
159
7
123
5
234
204
168
102
54
225
213
82
188
254
120
232
114
186
41
54
138
53
202
124
158
215
229
142
142
216
31
233
129
158
218
27
127
201
122
55
4
240
254
46
33
197
127
183
244
44
179
88
230
102
151
219
135
29
117
16
210
127
172
109
121
8
14
106
8
213
48
239
197
155
182
101
209
110
135
52
101
128
212
106
244
246
11
133
159
189
37
238
174
243
46
207
185
63
147
101
171
200
145
183
43
38
2
251
190
198
251
151
156
182
204
171
82
193
141
184
77
2
200
183
191
236
170
82
185
186
1
167
248
251
84
25
133
169
138
46
87
189
24
118
22
211
2
192
99
187
186
165
98
61
203
160
218
134
35
80
205
200
243
186
108
198
117
114
41
189
87
150
217
55
29
141
53
217
144
33
108
18
82
133
34
10
148
60
6
176
103
167
255
45
52
48
47
71
201
171
26
103
212
130
222
29
165
192
180
1
17
202
248
150
116
238
140
226
33
128
167
230
12
88
43
249
48
235
21
102
215
48
246
66
7
157
49
184
84
106
99
58
172
41
120
85
18
111
227
223
223
2
242
32
189
116
84
166
160
177
227
19
232
40
25
239
15
201
222
60
186
221
33
224
100
78
35
133
164
101
122
206
207
119
157
3
184
67
65
116
117
246
207
207
95
236
12
184
227
60
130
159
120
47
18
189
166
88
27
163
29
18
185
118
221
113
211
92
152
169
85
2
7
242
60
110
78
187
44
131
78
229
223
173
165
59
28
62
17
41
203
216
36
243
107
37
129
99
97
201
90
206
165
42
131
234
196
23
77
183
146
249
44
9
172
89
115
241
157
241
137
79
136
155
133
90
67
122
156
218
43
183
160
6
87
30
151
196
115
139
138
24
62
243
231
31
166
81
22
212
104
64
131
57
118
151
233
68
168
114
145
1
219
140
56
248
55
193
95
210
73
165
39
165
128
36
54
245
225
210
230
198
249
111
143
162
164
203
203
112
189
178
169
95
212
33
224
4
148
67
149
230
255
33
196
108
160
6
25
10
89
188
202
16
245
210
39
69
112
238
171
183
171
18
172
213
97
111
77
236
83
253
248
156
4
157
95
181
203
2
23
49
198
227
214
168
220
76
191
198
44
21
134
161
42
106
189
221
40
138
110
186
79
138
1
238
190
220
99
64
53
225
186
109
168
162
53
182
7
10
16
229
247
147
139
63
72
154
123
13
219
204
244
234
238
39
204
0
16
72
253
181
139
111
76
20
158
178
78
96
225
124
162
240
228
28
14
67
120
218
94
210
40
79
20
203
254
72
69
48
24
187
182
98
149
111
214
43
244
58
40
205
95
146
161
107
91
44
190
82
212
64
80
112
237
156
142
46
200
119
149
105
46
122
67
45
36
192
94
6
116
35
14
111
184
56
226
5
185
167
28
161
173
144
141
69
166
160
245
71
113
112
212
169
43
128
157
206
57
203
95
42
120
170
120
135
98
15
53
199
48
189
48
202
78
66
196
67
31
223
46
217
141
121
239
221
230
251
87
70
110
46
142
104
62
54
44
241
71
106
243
127
235
12
124
226
10
212
108
178
106
231
58
153
251
1
219
227
244
21
48
150
160
166
209
62
116
105
167
39
66
138
200
116
109
7
52
210
133
79
105
47
7
4
58
216
255
120
255
229
175
240
236
180
218
60
126
120
12
119
192
139
213
22
193
82
53
150
175
238
56
22
228
235
94
51
181
106
153
107
226
223
113
243
103
199
123
176
217
13
78
177
142
237
37
216
155
93
156
250
34
203
66
238
107
43
108
83
28
204
32
227
26
117
27
66
235
154
159
33
210
62
40
98
141
80
48
187
79
218
246
240
145
90
107
79
79
7
180
156
142
141
27
248
119
253
209
139
195
85
206
253
1
248
191
220
2
248
76
2
224
198
249
22
8
56
113
232
61
102
115
80
224
242
88
183
113
211
254
5
22
117
223
44
225
113
67
205
164
169
218
196
103
190
86
138
9
78
143
111
33
67
13
175
228
228
74
51
214
229
148
176
244
2
34
116
83
7
252
211
126
52
64
170
98
52
163
211
76
161
70
171
61
42
195
40
231
13
158
231
182
129
146
225
180
5
205
48
87
97
158
78
19
60
40
233
62
219
114
0
170
110
106
193
141
243
162
209
125
74
20
80
146
107
187
252
131
67
163
48
8
203
218
117
200
63
244
121
41
86
190
14
88
126
103
187
95
200
178
23
131
75
157
197
197
35
164
124
59
49
219
235
221
219
45
166
134
216
118
153
28
41
129
136
91
192
204
87
50
97
108
175
104
124
175
150
57
124
234
55
121
45
78
233
38
74
247
253
158
79
239
129
39
232
157
110
62
30
19
16
210
128
103
207
171
45
226
102
76
104
185
223
242
244
221
109
198
23
197
36
243
88
67
101
4
166
252
84
6
149
173
109
186
185
76
156
168
251
197
196
1
5
144
197
7
88
25
97
51
229
231
106
90
31
117
169
222
163
236
202
101
143
74
133
172
103
6
226
153
116
254
13
112
241
57
222
156
62
49
128
178
155
62
19
66
142
97
100
96
62
200
251
54
117
96
212
142
243
51
2
220
254
154
125
110
214
20
7
46
204
23
198
213
66
83
235
155
211
176
19
4
32
211
149
44
137
248
61
140
78
216
41
121
2
176
148
124
59
146
131
36
229
235
19
56
37
160
29
245
43
25
156
161
175
93
229
201
254
178
91
115
182
75
194
229
79
52
171
247
146
249
198
104
226
164
30
125
50
41
66
237
227
213
133
52
190
35
67
149
79
22
11
75
175
112
43
11
198
17
210
129
135
101
115
60
134
248
156
140
148
72
183
204
165
88
109
240
119
239
173
144
213
22
53
57
70
29
165
143
60
132
234
179
144
7
158
79
54
138
173
15
154
192
46
114
254
77
207
141
144
123
178
235
159
219
219
153
143
214
137
82
165
180
3
4
189
170
86
15
112
75
135
44
206
17
133
116
35
207
245
208
182
146
142
251
137
205
97
95
102
185
187
59
121
140
242
254
198
114
97
69
132
44
95
137
91
2
212
136
249
223
55
94
64
113
147
110
148
221
25
176
108
175
95
54
95
213
49
163
92
221
67
226
138
0
151
130
168
124
197
40
94
33
120
198
27
104
201
193
125
13
18
192
69
224
202
130
13
140
249
33
179
4
128
27
153
172
43
172
58
146
37
117
176
213
221
207
251
187
209
246
146
60
28
243
29
98
180
46
119
127
156
189
90
32
34
188
62
137
86
144
208
217
183
95
146
12
204
5
200
196
12
134
207
42
25
53
98
43
176
228
52
35
33
253
67
68
119
189
53
19
130
166
199
244
73
9
245
38
37
135
83
85
249
157
44
201
136
154
197
67
219
233
32
177
33
27
20
103
25
21
95
208
116
150
179
108
3
111
94
137
190
19
62
85
220
133
63
189
76
62
119
51
208
105
76
123
221
174
185
157
47
212
248
121
179
179
70
184
2
74
113
157
31
85
48
169
160
104
11
47
188
93
175
185
223
246
30
138
162
153
47
160
241
118
17
101
55
187
104
152
35
55
177
0
123
114
65
76
251
56
27
205
235
177
96
184
122
79
188
114
90
56
150
137
107
117
68
48
82
207
153
159
26
28
144
3
237
216
173
185
208
238
217
26
55
20
64
105
236
104
178
112
112
203
130
216
128
36
176
164
221
181
146
7
199
203
176
100
245
71
194
134
211
252
35
245
14
88
1
204
76
173
219
191
229
42
133
179
47
193
43
230
163
84
34
196
199
232
107
68
47
37
11
72
108
1
38
97
0
103
216
90
178
133
131
54
177
168
2
103
17
202
188
219
9
112
79
208
69
19
157
100
82
4
199
179
219
192
113
143
6
160
51
247
164
29
215
29
87
75
60
40
35
148
83
212
0
169
178
195
20
68
170
153
103
115
146
252
153
84
81
42
16
114
191
32
210
105
131
71
199
48
164
20
199
30
189
116
40
184
27
159
249
123
195
140
75
12
84
124
254
167
101
218
204
61
165
97
0
103
160
111
120
63
106
117
5
41
223
222
66
233
109
227
72
156
112
175
99
191
120
141
37
37
115
22
182
109
10
3
67
173
215
204
189
20
74
65
14
139
43
27
216
222
188
223
176
153
88
117
155
97
81
175
10
179
135
35
98
214
203
252
107
36
205
237
107
48
156
217
5
196
89
196
40
135
177
62
82
215
69
208
163
119
208
232
242
228
66
103
5
85
131
37
189
20
196
210
169
97
167
14
252
214
91
234
82
99
37
224
18
210
108
229
102
71
114
101
14
109
119
235
67
169
194
167
226
104
135
71
20
117
40
99
56
89
151
66
192
250
3
230
43
3
247
9
198
32
109
91
92
219
252
41
54
148
147
175
29
48
143
121
23
35
41
136
185
204
95
141
212
158
99
2
5
5
202
251
155
237
33
40
203
137
203
18
193
53
55
92
189
107
109
210
131
59
14
34
248
51
164
63
207
100
241
15
67
251
138
87
236
254
200
184
159
214
78
89
20
168
40
243
209
8
109
20
112
17
227
202
237
228
244
107
3
101
131
218
27
52
230
87
102
24
99
32
20
149
0
252
121
226
84
82
24
48
128
173
85
44
235
74
80
159
170
237
56
57
255
57
230
16
27
199
32
190
237
132
66
203
60
13
97
205
159
154
59
197
101
85
101
52
112
39
33
232
106
208
90
181
119
89
245
39
192
65
143
198
198
53
62
156
92
187
174
169
162
42
57
45
10
230
37
27
213
91
100
146
215
249
100
232
138
83
165
174
200
166
196
29
98
22
128
132
11
157
64
163
169
199
31
84
59
117
81
142
224
88
43
160
137
18
139
89
4
249
176
26
208
211
230
218
63
59
131
205
220
56
189
187
245
20
249
243
131
171
237
163
77
73
215
80
70
174
171
131
183
234
192
8
157
163
241
141
12
201
172
67
37
203
159
215
55
64
7
20
87
93
168
196
156
152
151
119
121
186
238
148
165
224
70
97
235
30
172
196
29
25
105
41
20
87
125
41
83
248
46
216
125
104
113
219
33
168
51
21
233
32
189
102
84
72
138
190
115
251
232
226
25
27
155
110
6
233
153
201
94
153
173
123
176
201
89
194
81
217
10
39
174
176
228
197
117
11
253
16
47
83
248
38
233
243
47
36
30
34
170
143
220
160
15
155
138
245
168
242
85
205
85
191
109
79
6
225
194
164
211
132
226
158
114
249
232
220
13
51
30
3
229
55
65
90
96
188
172
117
58
106
215
227
174
91
203
91
64
20
25
115
204
166
228
236
34
125
81
75
48
82
125
243
76
185
176
218
158
15
36
189
31
225
15
253
208
116
39
86
27
221
224
72
81
204
35
91
77
91
241
80
19
53
192
9
55
230
250
38
112
116
19
70
111
50
24
127
155
90
142
207
177
24
162
58
194
180
109
212
40
204
17
51
78
12
11
150
32
73
220
168
19
194
150
230
106
12
121
145
88
71
246
141
30
134
239
181
8
110
248
3
148
236
172
92
123
47
3
240
175
67
129
227
147
77
238
107
208
216
249
160
59
179
180
246
39
126
124
206
111
130
39
142
26
64
217
110
89
26
218
118
1
101
61
96
60
166
227
117
129
238
172
31
39
232
50
182
40
244
127
208
176
79
150
148
36
141
124
171
49
159
176
225
58
19
145
228
79
169
114
141
84
254
67
137
180
221
231
177
62
177
82
18
76
185
89
94
124
219
54
152
118
91
33
196
76
91
105
220
240
184
174
126
50
191
154
161
107
68
142
33
177
209
80
6
28
7
141
97
5
201
147
217
173
109
37
94
2
23
151
18
96
73
234
241
118
219
136
246
81
229
159
7
163
131
245
138
36
14
22
112
181
25
122
84
139
106
33
158
76
72
153
155
108
166
34
68
131
30
240
160
167
49
4
212
248
1
63
121
168
143
175
57
211
122
220
149
90
147
66
108
205
180
146
14
34
246
158
164
160
224
14
69
234
21
15
76
128
213
73
125
124
228
40
255
113
155
164
109
160
74
16
54
162
196
143
238
195
125
220
103
25
183
6
88
30
21
184
182
104
77
47
34
155
225
248
144
39
113
227
209
252
199
76
182
109
158
2
96
248
39
183
162
146
94
181
156
73
154
11
68
223
63
40
35
247
250
248
129
15
205
70
1
79
12
255
254
167
134
129
27
67
74
207
7
167
234
192
227
60
142
231
183
6
5
235
254
144
167
118
166
253
32
189
227
25
30
216
188
36
122
201
154
179
172
46
251
199
48
225
18
148
46
240
80
23
184
75
198
196
14
117
203
1
143
114
170
36
118
192
203
223
14
252
140
218
199
48
240
79
119
122
95
254
28
202
243
211
174
22
50
226
224
52
175
27
62
240
178
97
186
178
246
10
140
28
132
253
82
173
0
227
99
96
215
184
189
141
149
47
60
53
240
1
136
250
59
59
221
156
165
14
174
211
2
85
78
208
239
134
1
93
193
12
36
239
25
88
198
127
225
57
169
11
55
14
136
27
253
124
118
90
219
23
109
199
252
122
93
97
64
189
142
126
102
20
223
83
92
204
19
9
35
74
119
23
147
38
34
60
224
155
119
134
250
190
222
75
187
11
79
247
101
180
255
193
18
29
98
32
176
158
193
241
116
109
215
204
254
33
62
225
37
182
6
27
217
119
103
10
177
120
98
30
117
130
38
108
115
129
11
23
124
121
125
206
30
13
108
186
44
109
142
45
159
73
136
40
162
20
225
182
238
96
220
126
164
175
108
196
157
105
250
61
67
236
30
193
73
222
69
229
28
27
243
238
41
100
112
123
49
32
212
93
106
23
165
223
117
235
212
177
34
173
122
40
161
105
118
110
228
10
28
105
238
55
32
228
96
42
78
148
181
136
230
4
149
118
39
105
38
2
63
170
106
233
178
142
147
142
108
47
204
153
211
86
239
89
135
69
158
138
27
211
147
122
145
122
21
227
108
30
104
12
244
217
77
223
144
18
240
166
77
141
55
33
47
211
236
120
117
136
51
62
197
228
137
141
26
114
218
157
117
160
74
229
97
130
238
14
246
88
48
106
99
252
95
176
218
123
198
254
125
106
217
2
254
117
9
32
200
218
97
73
226
42
111
219
39
173
211
143
41
80
109
7
203
201
102
242
156
251
62
28
27
54
119
17
73
29
226
255
83
112
61
186
195
212
126
164
87
10
62
46
127
200
159
98
138
90
133
164
216
244
11
91
154
75
16
225
72
147
27
71
159
157
230
255
191
15
210
145
255
27
196
199
71
57
38
153
224
160
114
58
79
25
41
112
57
232
5
27
70
24
23
135
177
137
186
172
108
104
107
3
233
154
45
228
252
217
129
197
226
208
9
205
21
141
106
83
145
43
135
221
8
41
247
38
224
116
78
105
240
129
35
26
164
30
133
146
177
232
89
3
72
89
55
69
213
134
73
140
56
96
86
46
217
109
57
3
78
75
242
186
216
88
25
173
201
8
123
129
186
63
188
175
138
32
35
195
74
38
249
201
169
131
183
188
213
227
155
93
156
133
126
8
61
193
104
120
126
163
248
94
162
34
160
240
49
239
150
80
1
161
184
181
105
13
172
218
123
87
60
240
224
49
85
244
29
37
22
149
62
147
250
110
77
74
164
116
108
52
164
195
78
153
95
5
105
243
115
181
117
8
252
95
217
86
185
218
246
133
68
42
220
118
169
104
110
61
18
120
231
243
153
241
147
188
53
206
175
246
56
215
170
159
32
210
101
135
72
161
170
182
162
98
202
205
182
148
51
211
32
9
224
1
29
23
183
166
254
25
58
35
21
218
134
91
46
219
53
183
207
198
149
225
29
153
156
37
239
34
45
13
113
136
123
121
161
132
229
255
79
183
39
159
69
108
142
130
22
153
199
85
76
165
240
69
212
214
209
124
29
199
131
31
214
108
87
116
6
131
136
217
26
80
21
172
162
130
38
14
139
30
146
163
63
5
105
49
69
123
211
235
26
154
93
198
80
71
103
255
136
140
140
81
136
188
206
242
93
218
163
156
172
13
135
72
42
230
6
71
196
55
67
138
42
45
144
206
80
8
2
85
230
168
215
111
0
144
38
4
245
175
153
158
221
130
187
47
99
136
62
251
36
62
118
153
150
232
144
233
58
129
60
83
203
33
8
66
130
248
41
41
115
190
99
202
241
51
101
151
22
185
87
81
176
182
67
231
135
165
149
187
37
36
122
50
123
109
115
68
48
196
120
98
227
119
245
197
133
210
14
111
149
95
5
222
90
111
0
121
24
140
17
41
220
14
71
125
181
85
98
243
36
192
243
178
12
128
232
24
162
182
7
235
219
70
69
4
41
212
207
116
186
47
87
234
32
68
105
71
227
103
143
182
130
68
154
167
104
107
198
92
161
181
33
94
90
38
124
118
238
33
28
62
194
225
141
84
43
59
56
166
129
156
224
249
197
10
186
28
99
181
154
168
75
80
161
76
1
243
211
242
53
210
105
235
76
86
213
109
108
150
49
101
197
68
104
143
83
62
72
71
203
255
186
69
57
17
113
198
135
103
213
68
115
89
77
226
76
123
187
58
142
47
204
0
137
53
161
77
79
213
145
251
148
139
214
151
118
48
156
1
245
202
76
132
123
16
190
197
239
148
231
77
182
86
147
217
117
48
238
238
168
29
21
49
201
245
68
83
98
119
0
41
108
4
94
151
46
111
147
152
46
150
4
150
4
87
116
176
104
145
80
47
108
146
179
208
198
48
144
232
207
100
65
127
51
225
236
234
107
124
77
37
170
193
239
114
88
59
89
88
32
59
107
45
88
241
14
180
184
192
72
50
103
140
4
169
250
161
44
117
65
126
23
171
198
124
40
248
78
204
253
178
37
190
194
11
170
138
46
245
77
55
5
105
76
64
95
78
106
195
136
250
99
244
17
190
252
113
122
138
131
217
254
225
241
198
46
202
52
213
105
108
182
239
193
78
245
109
144
237
234
12
190
129
211
198
209
111
126
234
236
167
20
186
56
197
91
200
165
106
168
70
134
127
216
5
91
158
87
197
242
241
168
215
55
29
218
181
42
185
8
103
236
244
98
15
85
172
61
233
46
78
48
93
38
37
204
150
107
190
62
26
53
13
231
160
170
228
53
21
48
33
251
126
190
144
17
201
164
81
96
42
38
211
56
251
99
46
148
54
76
170
245
11
206
206
130
203
246
53
136
187
127
162
185
244
38
163
74
105
47
12
166
216
183
54
136
246
188
200
23
179
105
38
35
